{
 "cells": [
  {
   "cell_type": "markdown",
   "id": "9ae83a90-e687-41ca-90a6-5b34560ad539",
   "metadata": {},
   "source": [
    "# Parameter `arrow` in `geomSpoke()`\n"
   ]
  },
  {
   "cell_type": "code",
   "execution_count": 1,
   "id": "fd991535-210f-405d-9dbe-873409ace7dc",
   "metadata": {},
   "outputs": [
    {
     "data": {
      "text/html": [
       "   <div id=\"NQ3Kus\"></div>\n",
       "   <script type=\"text/javascript\" data-lets-plot-script=\"library\">\n",
       "       if(!window.letsPlotCallQueue) {\n",
       "           window.letsPlotCallQueue = [];\n",
       "       }; \n",
       "       window.letsPlotCall = function(f) {\n",
       "           window.letsPlotCallQueue.push(f);\n",
       "       };\n",
       "       (function() {\n",
       "           var script = document.createElement(\"script\");\n",
       "           script.type = \"text/javascript\";\n",
       "           script.src = \"https://cdn.jsdelivr.net/gh/JetBrains/lets-plot@v4.7.0/js-package/distr/lets-plot.min.js\";\n",
       "           script.onload = function() {\n",
       "               window.letsPlotCall = function(f) {f();};\n",
       "               window.letsPlotCallQueue.forEach(function(f) {f();});\n",
       "               window.letsPlotCallQueue = [];\n",
       "               \n",
       "               \n",
       "           };\n",
       "           script.onerror = function(event) {\n",
       "               window.letsPlotCall = function(f) {};\n",
       "               window.letsPlotCallQueue = [];\n",
       "               var div = document.createElement(\"div\");\n",
       "               div.style.color = 'darkred';\n",
       "               div.textContent = 'Error loading Lets-Plot JS';\n",
       "               document.getElementById(\"NQ3Kus\").appendChild(div);\n",
       "           };\n",
       "           var e = document.getElementById(\"NQ3Kus\");\n",
       "           e.appendChild(script);\n",
       "       })();\n",
       "   </script>"
      ]
     },
     "metadata": {},
     "output_type": "display_data"
    },
    {
     "data": {
      "text/html": [
       "            <div id=\"kotlin_out_0\"></div>\n",
       "            <script type=\"text/javascript\">\n",
       "                            if(!window.kotlinQueues) {\n",
       "                window.kotlinQueues = {};\n",
       "            }\n",
       "            if(!window.kotlinQueues[\"letsPlotJs\"]) {\n",
       "                var resQueue = [];\n",
       "                window.kotlinQueues[\"letsPlotJs\"] = resQueue;\n",
       "                window[\"call_letsPlotJs\"] = function(f) {\n",
       "                    resQueue.push(f);\n",
       "                }\n",
       "            }\n",
       "            (function (){\n",
       "                var modifiers = [(function(script) {\n",
       "    script.src = \"https://cdn.jsdelivr.net/gh/JetBrains/lets-plot@v4.7.0/js-package/distr/lets-plot.min.js\"\n",
       "    script.type = \"text/javascript\";\n",
       "})];\n",
       "                var e = document.getElementById(\"kotlin_out_0\");\n",
       "                modifiers.forEach(function (gen) {\n",
       "                    var script = document.createElement(\"script\");\n",
       "                    gen(script)\n",
       "                    script.addEventListener(\"load\", function() {\n",
       "                        window[\"call_letsPlotJs\"] = function(f) {f();};\n",
       "                        window.kotlinQueues[\"letsPlotJs\"].forEach(function(f) {f();});\n",
       "                        window.kotlinQueues[\"letsPlotJs\"] = [];\n",
       "                    }, false);\n",
       "                    script.addEventListener(\"error\", function() {\n",
       "                        window[\"call_letsPlotJs\"] = function(f) {};\n",
       "                        window.kotlinQueues[\"letsPlotJs\"] = [];\n",
       "                        var div = document.createElement(\"div\");\n",
       "                        div.style.color = 'darkred';\n",
       "                        div.textContent = 'Error loading resource letsPlotJs';\n",
       "                        document.getElementById(\"kotlin_out_0\").appendChild(div);\n",
       "                    }, false);\n",
       "                    \n",
       "                    e.appendChild(script);\n",
       "                });\n",
       "            })();\n",
       "            </script>"
      ]
     },
     "metadata": {},
     "output_type": "display_data"
    }
   ],
   "source": [
    "%useLatestDescriptors\n",
    "%use lets-plot"
   ]
  },
  {
   "cell_type": "code",
   "execution_count": 2,
   "id": "b51b5d33-3dc4-42f1-8ac6-ab9aedd494d8",
   "metadata": {},
   "outputs": [
    {
     "data": {
      "text/plain": [
       "Lets-Plot Kotlin API v.4.11.0. Frontend: Notebook with dynamically loaded JS. Lets-Plot JS v.4.7.0."
      ]
     },
     "execution_count": 2,
     "metadata": {},
     "output_type": "execute_result"
    }
   ],
   "source": [
    "LetsPlot.getInfo()"
   ]
  },
  {
   "cell_type": "code",
   "execution_count": 3,
   "id": "76db93e3-b101-46ce-a1ff-46b14752f286",
   "metadata": {},
   "outputs": [],
   "source": [
    "fun linspace(start: Double, stop: Double, num: Int): List<Double> {\n",
    "    if (num <= 0) return emptyList()\n",
    "    if (num == 1) return listOf(start)\n",
    "    val step = (stop - start) / (num - 1)\n",
    "    return List(num) { start + it * step }\n",
    "}\n",
    "\n",
    "fun simpleMeshgrid(xs: List<Double>, ys: List<Double>): Pair<List<List<Double>>, List<List<Double>>> {\n",
    "    return Pair(\n",
    "        List(ys.size) { xs },\n",
    "        ys.map { y -> List(xs.size) { y } }\n",
    "    )\n",
    "}\n",
    "\n",
    "fun cartesianToPolar(xArray: List<Double>, yArray: List<Double>): Pair<List<Double>, List<Double>> {\n",
    "    val rArray = xArray.zip(yArray).map { (x, y) -> sqrt(x * x + y * y) }\n",
    "    val maxR = rArray.maxOrNull() ?: 0.0\n",
    "    val normalizedR = rArray.map { it / maxR }\n",
    "    val theta = xArray.zip(yArray).map { (x, y) -> atan2(y, x) }\n",
    "    return Pair(normalizedR, theta)\n",
    "}\n",
    "\n",
    "fun f(x: List<Double>, y: List<Double>) = y to x.map { -it }"
   ]
  },
  {
   "cell_type": "code",
   "execution_count": 4,
   "id": "eec0580c-4838-4ef4-b93f-81f11f9fcb24",
   "metadata": {},
   "outputs": [],
   "source": [
    "val n = 11\n",
    "val start = -5.0\n",
    "val stop = 5.0\n",
    "val space = linspace(start, stop, n)\n",
    "val (X, Y) = simpleMeshgrid(space, space)\n",
    "val (R, A) = f(X.flatten(), Y.flatten()).let { cartesianToPolar(it.first, it.second) }\n",
    "val data = mapOf(\n",
    "    \"x\" to X.flatten(),\n",
    "    \"y\" to Y.flatten(),\n",
    "    \"r\" to R,\n",
    "    \"a\" to A\n",
    ")"
   ]
  },
  {
   "cell_type": "code",
   "execution_count": 5,
   "id": "200c16f5-77af-43c1-ab7f-0a9ded817499",
   "metadata": {},
   "outputs": [
    {
     "data": {
      "text/html": [
       "   <div id=\"7a5LFZ\"></div>\n",
       "   <script type=\"text/javascript\" data-lets-plot-script=\"library\">\n",
       "       if(!window.letsPlotCallQueue) {\n",
       "           window.letsPlotCallQueue = [];\n",
       "       }; \n",
       "       window.letsPlotCall = function(f) {\n",
       "           window.letsPlotCallQueue.push(f);\n",
       "       };\n",
       "       (function() {\n",
       "           var script = document.createElement(\"script\");\n",
       "           script.type = \"text/javascript\";\n",
       "           script.src = \"https://cdn.jsdelivr.net/gh/JetBrains/lets-plot@v4.7.0/js-package/distr/lets-plot.min.js\";\n",
       "           script.onload = function() {\n",
       "               window.letsPlotCall = function(f) {f();};\n",
       "               window.letsPlotCallQueue.forEach(function(f) {f();});\n",
       "               window.letsPlotCallQueue = [];\n",
       "               \n",
       "               \n",
       "           };\n",
       "           script.onerror = function(event) {\n",
       "               window.letsPlotCall = function(f) {};\n",
       "               window.letsPlotCallQueue = [];\n",
       "               var div = document.createElement(\"div\");\n",
       "               div.style.color = 'darkred';\n",
       "               div.textContent = 'Error loading Lets-Plot JS';\n",
       "               document.getElementById(\"7a5LFZ\").appendChild(div);\n",
       "           };\n",
       "           var e = document.getElementById(\"7a5LFZ\");\n",
       "           e.appendChild(script);\n",
       "       })();\n",
       "   </script>"
      ]
     },
     "metadata": {},
     "output_type": "display_data"
    },
    {
     "data": {
      "application/plot+json": {
       "apply_color_scheme": true,
       "output": {
        "coord": {
         "flip": false,
         "name": "fixed",
         "xlim": [
          -5,
          5
         ],
         "ylim": [
          -5,
          5
         ]
        },
        "data": {
         "a": [
          2.356194490192345,
          2.4668517113662407,
          2.601173153319209,
          2.761086276477428,
          2.9441970937399127,
          -3.141592653589793,
          -2.9441970937399127,
          -2.761086276477428,
          -2.601173153319209,
          -2.4668517113662407,
          -2.356194490192345,
          2.2455372690184494,
          2.356194490192345,
          2.498091544796509,
          2.677945044588987,
          2.896613990462929,
          -3.141592653589793,
          -2.896613990462929,
          -2.677945044588987,
          -2.498091544796509,
          -2.356194490192345,
          -2.2455372690184494,
          2.1112158270654806,
          2.214297435588181,
          2.356194490192345,
          2.5535900500422257,
          2.819842099193151,
          -3.141592653589793,
          -2.819842099193151,
          -2.5535900500422257,
          -2.356194490192345,
          -2.214297435588181,
          -2.1112158270654806,
          1.9513027039072617,
          2.0344439357957027,
          2.1587989303424644,
          2.356194490192345,
          2.677945044588987,
          -3.141592653589793,
          -2.677945044588987,
          -2.356194490192345,
          -2.1587989303424644,
          -2.0344439357957027,
          -1.9513027039072617,
          1.7681918866447774,
          1.8157749899217608,
          1.892546881191539,
          2.0344439357957027,
          2.356194490192345,
          -3.141592653589793,
          -2.356194490192345,
          -2.0344439357957027,
          -1.892546881191539,
          -1.8157749899217608,
          -1.7681918866447774,
          1.5707963267948966,
          1.5707963267948966,
          1.5707963267948966,
          1.5707963267948966,
          1.5707963267948966,
          0,
          -1.5707963267948966,
          -1.5707963267948966,
          -1.5707963267948966,
          -1.5707963267948966,
          -1.5707963267948966,
          1.373400766945016,
          1.3258176636680326,
          1.2490457723982544,
          1.1071487177940904,
          0.7853981633974483,
          0,
          -0.7853981633974483,
          -1.1071487177940904,
          -1.2490457723982544,
          -1.3258176636680326,
          -1.373400766945016,
          1.1902899496825317,
          1.1071487177940904,
          0.982793723247329,
          0.7853981633974483,
          0.4636476090008061,
          0,
          -0.4636476090008061,
          -0.7853981633974483,
          -0.982793723247329,
          -1.1071487177940904,
          -1.1902899496825317,
          1.0303768265243125,
          0.9272952180016122,
          0.7853981633974483,
          0.5880026035475675,
          0.3217505543966422,
          0,
          -0.3217505543966422,
          -0.5880026035475675,
          -0.7853981633974483,
          -0.9272952180016122,
          -1.0303768265243125,
          0.8960553845713439,
          0.7853981633974483,
          0.6435011087932844,
          0.4636476090008061,
          0.24497866312686414,
          0,
          -0.24497866312686414,
          -0.4636476090008061,
          -0.6435011087932844,
          -0.7853981633974483,
          -0.8960553845713439,
          0.7853981633974483,
          0.6747409422235527,
          0.5404195002705842,
          0.3805063771123649,
          0.19739555984988078,
          0,
          -0.19739555984988078,
          -0.3805063771123649,
          -0.5404195002705842,
          -0.6747409422235527,
          -0.7853981633974483
         ],
         "r": [
          1,
          0.9055385138137416,
          0.8246211251235321,
          0.7615773105863908,
          0.7211102550927978,
          0.7071067811865475,
          0.7211102550927978,
          0.7615773105863908,
          0.8246211251235321,
          0.9055385138137416,
          1,
          0.9055385138137416,
          0.8,
          0.7071067811865475,
          0.6324555320336759,
          0.58309518948453,
          0.565685424949238,
          0.58309518948453,
          0.6324555320336759,
          0.7071067811865475,
          0.8,
          0.9055385138137416,
          0.8246211251235321,
          0.7071067811865475,
          0.6,
          0.5099019513592784,
          0.4472135954999579,
          0.4242640687119285,
          0.4472135954999579,
          0.5099019513592784,
          0.6,
          0.7071067811865475,
          0.8246211251235321,
          0.7615773105863908,
          0.6324555320336759,
          0.5099019513592784,
          0.4,
          0.31622776601683794,
          0.282842712474619,
          0.31622776601683794,
          0.4,
          0.5099019513592784,
          0.6324555320336759,
          0.7615773105863908,
          0.7211102550927978,
          0.58309518948453,
          0.4472135954999579,
          0.31622776601683794,
          0.2,
          0.1414213562373095,
          0.2,
          0.31622776601683794,
          0.4472135954999579,
          0.58309518948453,
          0.7211102550927978,
          0.7071067811865475,
          0.565685424949238,
          0.4242640687119285,
          0.282842712474619,
          0.1414213562373095,
          0,
          0.1414213562373095,
          0.282842712474619,
          0.4242640687119285,
          0.565685424949238,
          0.7071067811865475,
          0.7211102550927978,
          0.58309518948453,
          0.4472135954999579,
          0.31622776601683794,
          0.2,
          0.1414213562373095,
          0.2,
          0.31622776601683794,
          0.4472135954999579,
          0.58309518948453,
          0.7211102550927978,
          0.7615773105863908,
          0.6324555320336759,
          0.5099019513592784,
          0.4,
          0.31622776601683794,
          0.282842712474619,
          0.31622776601683794,
          0.4,
          0.5099019513592784,
          0.6324555320336759,
          0.7615773105863908,
          0.8246211251235321,
          0.7071067811865475,
          0.6,
          0.5099019513592784,
          0.4472135954999579,
          0.4242640687119285,
          0.4472135954999579,
          0.5099019513592784,
          0.6,
          0.7071067811865475,
          0.8246211251235321,
          0.9055385138137416,
          0.8,
          0.7071067811865475,
          0.6324555320336759,
          0.58309518948453,
          0.565685424949238,
          0.58309518948453,
          0.6324555320336759,
          0.7071067811865475,
          0.8,
          0.9055385138137416,
          1,
          0.9055385138137416,
          0.8246211251235321,
          0.7615773105863908,
          0.7211102550927978,
          0.7071067811865475,
          0.7211102550927978,
          0.7615773105863908,
          0.8246211251235321,
          0.9055385138137416,
          1
         ],
         "x": [
          -5,
          -4,
          -3,
          -2,
          -1,
          0,
          1,
          2,
          3,
          4,
          5,
          -5,
          -4,
          -3,
          -2,
          -1,
          0,
          1,
          2,
          3,
          4,
          5,
          -5,
          -4,
          -3,
          -2,
          -1,
          0,
          1,
          2,
          3,
          4,
          5,
          -5,
          -4,
          -3,
          -2,
          -1,
          0,
          1,
          2,
          3,
          4,
          5,
          -5,
          -4,
          -3,
          -2,
          -1,
          0,
          1,
          2,
          3,
          4,
          5,
          -5,
          -4,
          -3,
          -2,
          -1,
          0,
          1,
          2,
          3,
          4,
          5,
          -5,
          -4,
          -3,
          -2,
          -1,
          0,
          1,
          2,
          3,
          4,
          5,
          -5,
          -4,
          -3,
          -2,
          -1,
          0,
          1,
          2,
          3,
          4,
          5,
          -5,
          -4,
          -3,
          -2,
          -1,
          0,
          1,
          2,
          3,
          4,
          5,
          -5,
          -4,
          -3,
          -2,
          -1,
          0,
          1,
          2,
          3,
          4,
          5,
          -5,
          -4,
          -3,
          -2,
          -1,
          0,
          1,
          2,
          3,
          4,
          5
         ],
         "y": [
          -5,
          -5,
          -5,
          -5,
          -5,
          -5,
          -5,
          -5,
          -5,
          -5,
          -5,
          -4,
          -4,
          -4,
          -4,
          -4,
          -4,
          -4,
          -4,
          -4,
          -4,
          -4,
          -3,
          -3,
          -3,
          -3,
          -3,
          -3,
          -3,
          -3,
          -3,
          -3,
          -3,
          -2,
          -2,
          -2,
          -2,
          -2,
          -2,
          -2,
          -2,
          -2,
          -2,
          -2,
          -1,
          -1,
          -1,
          -1,
          -1,
          -1,
          -1,
          -1,
          -1,
          -1,
          -1,
          0,
          0,
          0,
          0,
          0,
          0,
          0,
          0,
          0,
          0,
          0,
          1,
          1,
          1,
          1,
          1,
          1,
          1,
          1,
          1,
          1,
          1,
          2,
          2,
          2,
          2,
          2,
          2,
          2,
          2,
          2,
          2,
          2,
          3,
          3,
          3,
          3,
          3,
          3,
          3,
          3,
          3,
          3,
          3,
          4,
          4,
          4,
          4,
          4,
          4,
          4,
          4,
          4,
          4,
          4,
          5,
          5,
          5,
          5,
          5,
          5,
          5,
          5,
          5,
          5,
          5
         ]
        },
        "data_meta": {
         "series_annotations": [
          {
           "column": "x",
           "type": "float"
          },
          {
           "column": "y",
           "type": "float"
          },
          {
           "column": "r",
           "type": "float"
          },
          {
           "column": "a",
           "type": "float"
          }
         ]
        },
        "kind": "plot",
        "layers": [
         {
          "arrow": {
           "angle": 12,
           "length": 15,
           "name": "arrow",
           "type": "closed"
          },
          "geom": "spoke",
          "mapping": {
           "angle": "a",
           "radius": "r"
          },
          "position": "identity",
          "stat": "identity"
         }
        ],
        "mapping": {
         "color": "r",
         "x": "x",
         "y": "y"
        },
        "scales": [
         {
          "aesthetic": "color",
          "guide": "none",
          "high": "#d53e4f",
          "low": "#3288bd",
          "scale_mapper_kind": "color_gradient"
         }
        ],
        "theme": {
         "axis_text": {
          "blank": false,
          "margin": 10
         },
         "axis_title": "blank",
         "name": "minimal"
        }
       },
       "output_type": "lets_plot_spec",
       "swing_enabled": true
      },
      "text/html": [
       "   <div id=\"GuKbbP\"></div>\n",
       "   <script type=\"text/javascript\" data-lets-plot-script=\"plot\">\n",
       "   \n",
       "   (function() {\n",
       "   // ----------\n",
       "   \n",
       "   const forceImmediateRender = false;\n",
       "   const responsive = false;\n",
       "   \n",
       "   let sizing = {\n",
       "       width_mode: \"MIN\",\n",
       "       height_mode: \"SCALED\",\n",
       "       width: null, \n",
       "       height: null \n",
       "   };\n",
       "   \n",
       "   const preferredWidth = document.body.dataset.letsPlotPreferredWidth;\n",
       "   if (preferredWidth !== undefined) {\n",
       "       sizing = {\n",
       "           width_mode: 'FIXED',\n",
       "           height_mode: 'SCALED',\n",
       "           width: parseFloat(preferredWidth)\n",
       "       };\n",
       "   }\n",
       "   \n",
       "   const containerDiv = document.getElementById(\"GuKbbP\");\n",
       "   let fig = null;\n",
       "   \n",
       "   function renderPlot() {\n",
       "       if (fig === null) {\n",
       "           const plotSpec = {\n",
       "\"mapping\":{\n",
       "\"x\":\"x\",\n",
       "\"y\":\"y\",\n",
       "\"color\":\"r\"\n",
       "},\n",
       "\"coord\":{\n",
       "\"name\":\"fixed\",\n",
       "\"xlim\":[-5.0,5.0],\n",
       "\"flip\":false,\n",
       "\"ylim\":[-5.0,5.0]\n",
       "},\n",
       "\"data\":{\n",
       "\"a\":[2.356194490192345,2.4668517113662407,2.601173153319209,2.761086276477428,2.9441970937399127,-3.141592653589793,-2.9441970937399127,-2.761086276477428,-2.601173153319209,-2.4668517113662407,-2.356194490192345,2.2455372690184494,2.356194490192345,2.498091544796509,2.677945044588987,2.896613990462929,-3.141592653589793,-2.896613990462929,-2.677945044588987,-2.498091544796509,-2.356194490192345,-2.2455372690184494,2.1112158270654806,2.214297435588181,2.356194490192345,2.5535900500422257,2.819842099193151,-3.141592653589793,-2.819842099193151,-2.5535900500422257,-2.356194490192345,-2.214297435588181,-2.1112158270654806,1.9513027039072617,2.0344439357957027,2.1587989303424644,2.356194490192345,2.677945044588987,-3.141592653589793,-2.677945044588987,-2.356194490192345,-2.1587989303424644,-2.0344439357957027,-1.9513027039072617,1.7681918866447774,1.8157749899217608,1.892546881191539,2.0344439357957027,2.356194490192345,-3.141592653589793,-2.356194490192345,-2.0344439357957027,-1.892546881191539,-1.8157749899217608,-1.7681918866447774,1.5707963267948966,1.5707963267948966,1.5707963267948966,1.5707963267948966,1.5707963267948966,-0.0,-1.5707963267948966,-1.5707963267948966,-1.5707963267948966,-1.5707963267948966,-1.5707963267948966,1.373400766945016,1.3258176636680326,1.2490457723982544,1.1071487177940904,0.7853981633974483,-0.0,-0.7853981633974483,-1.1071487177940904,-1.2490457723982544,-1.3258176636680326,-1.373400766945016,1.1902899496825317,1.1071487177940904,0.982793723247329,0.7853981633974483,0.4636476090008061,-0.0,-0.4636476090008061,-0.7853981633974483,-0.982793723247329,-1.1071487177940904,-1.1902899496825317,1.0303768265243125,0.9272952180016122,0.7853981633974483,0.5880026035475675,0.3217505543966422,-0.0,-0.3217505543966422,-0.5880026035475675,-0.7853981633974483,-0.9272952180016122,-1.0303768265243125,0.8960553845713439,0.7853981633974483,0.6435011087932844,0.4636476090008061,0.24497866312686414,-0.0,-0.24497866312686414,-0.4636476090008061,-0.6435011087932844,-0.7853981633974483,-0.8960553845713439,0.7853981633974483,0.6747409422235527,0.5404195002705842,0.3805063771123649,0.19739555984988078,-0.0,-0.19739555984988078,-0.3805063771123649,-0.5404195002705842,-0.6747409422235527,-0.7853981633974483],\n",
       "\"r\":[1.0,0.9055385138137416,0.8246211251235321,0.7615773105863908,0.7211102550927978,0.7071067811865475,0.7211102550927978,0.7615773105863908,0.8246211251235321,0.9055385138137416,1.0,0.9055385138137416,0.8,0.7071067811865475,0.6324555320336759,0.58309518948453,0.565685424949238,0.58309518948453,0.6324555320336759,0.7071067811865475,0.8,0.9055385138137416,0.8246211251235321,0.7071067811865475,0.6,0.5099019513592784,0.4472135954999579,0.4242640687119285,0.4472135954999579,0.5099019513592784,0.6,0.7071067811865475,0.8246211251235321,0.7615773105863908,0.6324555320336759,0.5099019513592784,0.4,0.31622776601683794,0.282842712474619,0.31622776601683794,0.4,0.5099019513592784,0.6324555320336759,0.7615773105863908,0.7211102550927978,0.58309518948453,0.4472135954999579,0.31622776601683794,0.2,0.1414213562373095,0.2,0.31622776601683794,0.4472135954999579,0.58309518948453,0.7211102550927978,0.7071067811865475,0.565685424949238,0.4242640687119285,0.282842712474619,0.1414213562373095,0.0,0.1414213562373095,0.282842712474619,0.4242640687119285,0.565685424949238,0.7071067811865475,0.7211102550927978,0.58309518948453,0.4472135954999579,0.31622776601683794,0.2,0.1414213562373095,0.2,0.31622776601683794,0.4472135954999579,0.58309518948453,0.7211102550927978,0.7615773105863908,0.6324555320336759,0.5099019513592784,0.4,0.31622776601683794,0.282842712474619,0.31622776601683794,0.4,0.5099019513592784,0.6324555320336759,0.7615773105863908,0.8246211251235321,0.7071067811865475,0.6,0.5099019513592784,0.4472135954999579,0.4242640687119285,0.4472135954999579,0.5099019513592784,0.6,0.7071067811865475,0.8246211251235321,0.9055385138137416,0.8,0.7071067811865475,0.6324555320336759,0.58309518948453,0.565685424949238,0.58309518948453,0.6324555320336759,0.7071067811865475,0.8,0.9055385138137416,1.0,0.9055385138137416,0.8246211251235321,0.7615773105863908,0.7211102550927978,0.7071067811865475,0.7211102550927978,0.7615773105863908,0.8246211251235321,0.9055385138137416,1.0],\n",
       "\"x\":[-5.0,-4.0,-3.0,-2.0,-1.0,0.0,1.0,2.0,3.0,4.0,5.0,-5.0,-4.0,-3.0,-2.0,-1.0,0.0,1.0,2.0,3.0,4.0,5.0,-5.0,-4.0,-3.0,-2.0,-1.0,0.0,1.0,2.0,3.0,4.0,5.0,-5.0,-4.0,-3.0,-2.0,-1.0,0.0,1.0,2.0,3.0,4.0,5.0,-5.0,-4.0,-3.0,-2.0,-1.0,0.0,1.0,2.0,3.0,4.0,5.0,-5.0,-4.0,-3.0,-2.0,-1.0,0.0,1.0,2.0,3.0,4.0,5.0,-5.0,-4.0,-3.0,-2.0,-1.0,0.0,1.0,2.0,3.0,4.0,5.0,-5.0,-4.0,-3.0,-2.0,-1.0,0.0,1.0,2.0,3.0,4.0,5.0,-5.0,-4.0,-3.0,-2.0,-1.0,0.0,1.0,2.0,3.0,4.0,5.0,-5.0,-4.0,-3.0,-2.0,-1.0,0.0,1.0,2.0,3.0,4.0,5.0,-5.0,-4.0,-3.0,-2.0,-1.0,0.0,1.0,2.0,3.0,4.0,5.0],\n",
       "\"y\":[-5.0,-5.0,-5.0,-5.0,-5.0,-5.0,-5.0,-5.0,-5.0,-5.0,-5.0,-4.0,-4.0,-4.0,-4.0,-4.0,-4.0,-4.0,-4.0,-4.0,-4.0,-4.0,-3.0,-3.0,-3.0,-3.0,-3.0,-3.0,-3.0,-3.0,-3.0,-3.0,-3.0,-2.0,-2.0,-2.0,-2.0,-2.0,-2.0,-2.0,-2.0,-2.0,-2.0,-2.0,-1.0,-1.0,-1.0,-1.0,-1.0,-1.0,-1.0,-1.0,-1.0,-1.0,-1.0,0.0,0.0,0.0,0.0,0.0,0.0,0.0,0.0,0.0,0.0,0.0,1.0,1.0,1.0,1.0,1.0,1.0,1.0,1.0,1.0,1.0,1.0,2.0,2.0,2.0,2.0,2.0,2.0,2.0,2.0,2.0,2.0,2.0,3.0,3.0,3.0,3.0,3.0,3.0,3.0,3.0,3.0,3.0,3.0,4.0,4.0,4.0,4.0,4.0,4.0,4.0,4.0,4.0,4.0,4.0,5.0,5.0,5.0,5.0,5.0,5.0,5.0,5.0,5.0,5.0,5.0]\n",
       "},\n",
       "\"kind\":\"plot\",\n",
       "\"scales\":[{\n",
       "\"aesthetic\":\"color\",\n",
       "\"scale_mapper_kind\":\"color_gradient\",\n",
       "\"high\":\"#d53e4f\",\n",
       "\"low\":\"#3288bd\",\n",
       "\"guide\":\"none\"\n",
       "}],\n",
       "\"layers\":[{\n",
       "\"mapping\":{\n",
       "\"angle\":\"a\",\n",
       "\"radius\":\"r\"\n",
       "},\n",
       "\"stat\":\"identity\",\n",
       "\"arrow\":{\n",
       "\"name\":\"arrow\",\n",
       "\"angle\":12.0,\n",
       "\"length\":15.0,\n",
       "\"type\":\"closed\"\n",
       "},\n",
       "\"position\":\"identity\",\n",
       "\"geom\":\"spoke\",\n",
       "\"data\":{\n",
       "}\n",
       "}],\n",
       "\"theme\":{\n",
       "\"name\":\"minimal\",\n",
       "\"axis_text\":{\n",
       "\"margin\":10.0,\n",
       "\"blank\":false\n",
       "},\n",
       "\"axis_title\":\"blank\"\n",
       "},\n",
       "\"data_meta\":{\n",
       "\"series_annotations\":[{\n",
       "\"type\":\"float\",\n",
       "\"column\":\"x\"\n",
       "},{\n",
       "\"type\":\"float\",\n",
       "\"column\":\"y\"\n",
       "},{\n",
       "\"type\":\"float\",\n",
       "\"column\":\"r\"\n",
       "},{\n",
       "\"type\":\"float\",\n",
       "\"column\":\"a\"\n",
       "}]\n",
       "},\n",
       "\"spec_id\":\"1\"\n",
       "};\n",
       "           window.letsPlotCall(function() { fig = LetsPlot.buildPlotFromProcessedSpecs(plotSpec, containerDiv, sizing); });\n",
       "       } else {\n",
       "           fig.updateView({});\n",
       "       }\n",
       "   }\n",
       "   \n",
       "   const renderImmediately = \n",
       "       forceImmediateRender || (\n",
       "           sizing.width_mode === 'FIXED' && \n",
       "           (sizing.height_mode === 'FIXED' || sizing.height_mode === 'SCALED')\n",
       "       );\n",
       "   \n",
       "   if (renderImmediately) {\n",
       "       renderPlot();\n",
       "   }\n",
       "   \n",
       "   if (!renderImmediately || responsive) {\n",
       "       // Set up observer for initial sizing or continuous monitoring\n",
       "       var observer = new ResizeObserver(function(entries) {\n",
       "           for (let entry of entries) {\n",
       "               if (entry.contentBoxSize && \n",
       "                   entry.contentBoxSize[0].inlineSize > 0) {\n",
       "                   if (!responsive && observer) {\n",
       "                       observer.disconnect();\n",
       "                       observer = null;\n",
       "                   }\n",
       "                   renderPlot();\n",
       "                   if (!responsive) {\n",
       "                       break;\n",
       "                   }\n",
       "               }\n",
       "           }\n",
       "       });\n",
       "       \n",
       "       observer.observe(containerDiv);\n",
       "   }\n",
       "   \n",
       "   // ----------\n",
       "   })();\n",
       "   \n",
       "   </script>                <svg xmlns=\"http://www.w3.org/2000/svg\" xmlns:xlink=\"http://www.w3.org/1999/xlink\" display=\"block\" class=\"plt-container\" id=9225ac42-5fe9-44fa-bcce-30999bc1c2af width=\"100%\" height=\"100%\" style=\"max-width: 600.0px; max-height: 400.0px;\" viewBox=\"0 0 600.0 400.0\" preserveAspectRatio=\"xMinYMin meet\">\n",
       "  <style type=\"text/css\">\n",
       "  .plt-container {\n",
       "   font-family: sans-serif;\n",
       "   user-select: none;\n",
       "   -webkit-user-select: none;\n",
       "   -moz-user-select: none;\n",
       "   -ms-user-select: none;\n",
       "}\n",
       "text {\n",
       "   text-rendering: optimizeLegibility;\n",
       "}\n",
       "#puzjsBA .plot-title {\n",
       "fill: #474747;\n",
       "font-weight: normal;\n",
       "   font-style: normal;font-family: sans-serif;\n",
       "font-size: 16.0px;\n",
       "\n",
       "}\n",
       "#puzjsBA .plot-subtitle {\n",
       "fill: #474747;\n",
       "font-weight: normal;\n",
       "   font-style: normal;font-family: sans-serif;\n",
       "font-size: 15.0px;\n",
       "\n",
       "}\n",
       "#puzjsBA .plot-caption {\n",
       "fill: #474747;\n",
       "font-weight: normal;\n",
       "   font-style: normal;font-family: sans-serif;\n",
       "font-size: 13.0px;\n",
       "\n",
       "}\n",
       "#puzjsBA .hyperlink-element {\n",
       "fill: #118ed8;\n",
       "font-weight: normal;\n",
       "   font-style: normal;\n",
       "}\n",
       "#puzjsBA .legend-title {\n",
       "fill: #474747;\n",
       "font-weight: normal;\n",
       "   font-style: normal;font-family: sans-serif;\n",
       "font-size: 15.0px;\n",
       "\n",
       "}\n",
       "#puzjsBA .legend-item {\n",
       "fill: #474747;\n",
       "font-weight: normal;\n",
       "   font-style: normal;font-family: sans-serif;\n",
       "font-size: 13.0px;\n",
       "\n",
       "}\n",
       "#puzjsBA .axis-title-x {\n",
       "fill: #474747;\n",
       "font-weight: normal;\n",
       "   font-style: normal;font-family: sans-serif;\n",
       "font-size: 15.0px;\n",
       "\n",
       "}\n",
       "#puzjsBA .axis-text-x {\n",
       "fill: #474747;\n",
       "font-weight: normal;\n",
       "   font-style: normal;font-family: sans-serif;\n",
       "font-size: 13.0px;\n",
       "\n",
       "}\n",
       "#dXDXbuG .axis-tooltip-text-x {\n",
       "fill: #ffffff;\n",
       "font-weight: normal;\n",
       "   font-style: normal;font-family: sans-serif;\n",
       "font-size: 13.0px;\n",
       "\n",
       "}\n",
       "#puzjsBA .axis-title-y {\n",
       "fill: #474747;\n",
       "font-weight: normal;\n",
       "   font-style: normal;font-family: sans-serif;\n",
       "font-size: 15.0px;\n",
       "\n",
       "}\n",
       "#puzjsBA .axis-text-y {\n",
       "fill: #474747;\n",
       "font-weight: normal;\n",
       "   font-style: normal;font-family: sans-serif;\n",
       "font-size: 13.0px;\n",
       "\n",
       "}\n",
       "#dXDXbuG .axis-tooltip-text-y {\n",
       "fill: #ffffff;\n",
       "font-weight: normal;\n",
       "   font-style: normal;font-family: sans-serif;\n",
       "font-size: 13.0px;\n",
       "\n",
       "}\n",
       "#puzjsBA .facet-strip-text-x {\n",
       "fill: #474747;\n",
       "font-weight: normal;\n",
       "   font-style: normal;font-family: sans-serif;\n",
       "font-size: 13.0px;\n",
       "\n",
       "}\n",
       "#puzjsBA .facet-strip-text-y {\n",
       "fill: #474747;\n",
       "font-weight: normal;\n",
       "   font-style: normal;font-family: sans-serif;\n",
       "font-size: 13.0px;\n",
       "\n",
       "}\n",
       "#dXDXbuG .tooltip-text {\n",
       "fill: #474747;\n",
       "font-weight: normal;\n",
       "   font-style: normal;font-family: sans-serif;\n",
       "font-size: 13.0px;\n",
       "\n",
       "}\n",
       "#dXDXbuG .tooltip-title {\n",
       "fill: #474747;\n",
       "font-weight: bold;\n",
       "   font-style: normal;font-family: sans-serif;\n",
       "font-size: 13.0px;\n",
       "\n",
       "}\n",
       "#dXDXbuG .tooltip-label {\n",
       "fill: #474747;\n",
       "font-weight: bold;\n",
       "   font-style: normal;font-family: sans-serif;\n",
       "font-size: 13.0px;\n",
       "\n",
       "}\n",
       "\n",
       "  </style>\n",
       "  <g id=\"puzjsBA\">\n",
       "    <path fill-rule=\"evenodd\" fill=\"rgb(255,255,255)\" fill-opacity=\"1.0\" d=\"M98.51939454453179 0.0 L98.51939454453179 400.0 L501.4806054554682 400.0 L501.4806054554682 0.0 Z\">\n",
       "    </path>\n",
       "    <g transform=\"translate(104.51939454453179 6.0 ) \">\n",
       "      <g>\n",
       "        <g transform=\"translate(37.9612109109364 0.0 ) \">\n",
       "          <g>\n",
       "            <line x1=\"0.0\" y1=\"0.0\" x2=\"0.0\" y2=\"353.0\" stroke=\"rgb(233,233,233)\" stroke-opacity=\"1.0\" stroke-width=\"0.5\" fill=\"none\">\n",
       "            </line>\n",
       "            <line x1=\"70.60000000000001\" y1=\"0.0\" x2=\"70.60000000000001\" y2=\"353.0\" stroke=\"rgb(233,233,233)\" stroke-opacity=\"1.0\" stroke-width=\"0.5\" fill=\"none\">\n",
       "            </line>\n",
       "            <line x1=\"141.2\" y1=\"0.0\" x2=\"141.2\" y2=\"353.0\" stroke=\"rgb(233,233,233)\" stroke-opacity=\"1.0\" stroke-width=\"0.5\" fill=\"none\">\n",
       "            </line>\n",
       "            <line x1=\"211.8\" y1=\"0.0\" x2=\"211.8\" y2=\"353.0\" stroke=\"rgb(233,233,233)\" stroke-opacity=\"1.0\" stroke-width=\"0.5\" fill=\"none\">\n",
       "            </line>\n",
       "            <line x1=\"282.4\" y1=\"0.0\" x2=\"282.4\" y2=\"353.0\" stroke=\"rgb(233,233,233)\" stroke-opacity=\"1.0\" stroke-width=\"0.5\" fill=\"none\">\n",
       "            </line>\n",
       "            <line x1=\"353.0\" y1=\"0.0\" x2=\"353.0\" y2=\"353.0\" stroke=\"rgb(233,233,233)\" stroke-opacity=\"1.0\" stroke-width=\"0.5\" fill=\"none\">\n",
       "            </line>\n",
       "            <line x1=\"35.30000000000001\" y1=\"0.0\" x2=\"35.30000000000001\" y2=\"353.0\" stroke=\"rgb(233,233,233)\" stroke-opacity=\"1.0\" stroke-width=\"1.0\" fill=\"none\">\n",
       "            </line>\n",
       "            <line x1=\"105.9\" y1=\"0.0\" x2=\"105.9\" y2=\"353.0\" stroke=\"rgb(233,233,233)\" stroke-opacity=\"1.0\" stroke-width=\"1.0\" fill=\"none\">\n",
       "            </line>\n",
       "            <line x1=\"176.5\" y1=\"0.0\" x2=\"176.5\" y2=\"353.0\" stroke=\"rgb(233,233,233)\" stroke-opacity=\"1.0\" stroke-width=\"1.0\" fill=\"none\">\n",
       "            </line>\n",
       "            <line x1=\"247.1\" y1=\"0.0\" x2=\"247.1\" y2=\"353.0\" stroke=\"rgb(233,233,233)\" stroke-opacity=\"1.0\" stroke-width=\"1.0\" fill=\"none\">\n",
       "            </line>\n",
       "            <line x1=\"317.7\" y1=\"0.0\" x2=\"317.7\" y2=\"353.0\" stroke=\"rgb(233,233,233)\" stroke-opacity=\"1.0\" stroke-width=\"1.0\" fill=\"none\">\n",
       "            </line>\n",
       "          </g>\n",
       "        </g>\n",
       "        <g transform=\"translate(37.9612109109364 0.0 ) \">\n",
       "          <g>\n",
       "            <line x1=\"0.0\" y1=\"353.0\" x2=\"353.0\" y2=\"353.0\" stroke=\"rgb(233,233,233)\" stroke-opacity=\"1.0\" stroke-width=\"0.5\" fill=\"none\">\n",
       "            </line>\n",
       "            <line x1=\"0.0\" y1=\"282.4\" x2=\"353.0\" y2=\"282.4\" stroke=\"rgb(233,233,233)\" stroke-opacity=\"1.0\" stroke-width=\"0.5\" fill=\"none\">\n",
       "            </line>\n",
       "            <line x1=\"0.0\" y1=\"211.8\" x2=\"353.0\" y2=\"211.8\" stroke=\"rgb(233,233,233)\" stroke-opacity=\"1.0\" stroke-width=\"0.5\" fill=\"none\">\n",
       "            </line>\n",
       "            <line x1=\"0.0\" y1=\"141.2\" x2=\"353.0\" y2=\"141.2\" stroke=\"rgb(233,233,233)\" stroke-opacity=\"1.0\" stroke-width=\"0.5\" fill=\"none\">\n",
       "            </line>\n",
       "            <line x1=\"0.0\" y1=\"70.60000000000001\" x2=\"353.0\" y2=\"70.60000000000001\" stroke=\"rgb(233,233,233)\" stroke-opacity=\"1.0\" stroke-width=\"0.5\" fill=\"none\">\n",
       "            </line>\n",
       "            <line x1=\"0.0\" y1=\"0.0\" x2=\"353.0\" y2=\"0.0\" stroke=\"rgb(233,233,233)\" stroke-opacity=\"1.0\" stroke-width=\"0.5\" fill=\"none\">\n",
       "            </line>\n",
       "            <line x1=\"0.0\" y1=\"317.7\" x2=\"353.0\" y2=\"317.7\" stroke=\"rgb(233,233,233)\" stroke-opacity=\"1.0\" stroke-width=\"1.0\" fill=\"none\">\n",
       "            </line>\n",
       "            <line x1=\"0.0\" y1=\"247.1\" x2=\"353.0\" y2=\"247.1\" stroke=\"rgb(233,233,233)\" stroke-opacity=\"1.0\" stroke-width=\"1.0\" fill=\"none\">\n",
       "            </line>\n",
       "            <line x1=\"0.0\" y1=\"176.5\" x2=\"353.0\" y2=\"176.5\" stroke=\"rgb(233,233,233)\" stroke-opacity=\"1.0\" stroke-width=\"1.0\" fill=\"none\">\n",
       "            </line>\n",
       "            <line x1=\"0.0\" y1=\"105.9\" x2=\"353.0\" y2=\"105.9\" stroke=\"rgb(233,233,233)\" stroke-opacity=\"1.0\" stroke-width=\"1.0\" fill=\"none\">\n",
       "            </line>\n",
